1/1;10;30;IDLE;100;0;:2;10;50;IDLE;100;0;:3;10;70;IDLE;100;0;:
2/1;10;30;IDLE;100;0;:2;10;50;IDLE;100;0;:3;10;70;IDLE;100;0;:
3/1;10;30;IDLE;100;0;:2;10;50;IDLE;100;0;:3;10;70;IDLE;100;0;:
4/1;10;30;IDLE;100;0;:2;10;50;IDLE;100;0;:3;10;70;IDLE;100;0;:
5/1;10;30;IDLE;100;0;:2;10;50;BUSY;100;0.0;30,50,60,50,90,50,:3;10;70;IDLE;100;0;:
6/1;10;30;IDLE;100;0;:2;10;50;BUSY;100;0.0;30,50,60,50,90,50,:3;10;70;BUSY;100;0.0;30,70,30,90,60,90,90,90,:
7/1;10;30;IDLE;100;0;:2;10;50;BUSY;100;0.0;30,50,60,50,90,50,:3;10;70;BUSY;100;0.0;30,70,30,90,60,90,90,90,:
8/1;10;30;IDLE;100;0;:2;14.0;50.0;BUSY;97.78;0.0;30,50,60,50,90,50,:3;10;70;BUSY;100;0.0;30,70,30,90,60,90,90,90,:
9/1;10;30;IDLE;100;0;:2;14.0;50.0;BUSY;97.78;0.0;30,50,60,50,90,50,:3;14.0;70.0;BUSY;97.78;0.0;30,70,30,90,60,90,90,90,:
10/1;10;30;IDLE;100;0;:2;14.0;50.0;BUSY;97.78;0.0;30,50,60,50,90,50,:3;14.0;70.0;BUSY;97.78;0.0;30,70,30,90,60,90,90,90,:
11/1;10;30;IDLE;100;0;:2;14.0;50.0;BUSY;97.78;0.0;30,50,60,50,90,50,:3;14.0;70.0;BUSY;97.78;0.0;30,70,30,90,60,90,90,90,:
